1 0.3703125 0.4359375 0.0765625 0.0734375
1 0.04375 0.4640625 0.0453125 0.103125
1 0.0578125 0.6296875 0.090625 0.19375
1 0.2609375 0.540625 0.071875 0.0765625
0 0.1828125 0.4375 0.059375 0.046875
0 0.265625 0.4421875 0.059375 0.0484375
0 0.0984375 0.4703125 0.0515625 0.0734375
0 0.1640625 0.6171875 0.115625 0.1265625
0 0.328125 0.64375 0.1125 0.1140625
0 0.3671875 0.5203125 0.0578125 0.090625
0 0.4640625 0.525 0.05625 0.09375
0 0.5015625 0.64375 0.084375 0.115625
0 0.5890625 0.6328125 0.0578125 0.103125
0 0.575 0.53125 0.053125 0.0875
0 0.65 0.59375 0.0453125 0.115625
0 0.74375 0.540625 0.0625 0.0875
0 0.8875 0.5359375 0.0859375 0.0984375
0 0.7078125 0.6359375 0.0671875 0.109375
0 0.8171875 0.6359375 0.1015625 0.096875
0 0.953125 0.64375 0.0640625 0.0921875
0 0.54375 0.45 0.0625 0.053125