0 0.5890625 0.6296875 0.06875 0.03125
0 0.45 0.6078125 0.0828125 0.0171875
0 0.4640625 0.5453125 0.0546875 0.03125
0 0.871875 0.65 0.0625 0.0234375
0 0.940625 0.653125 0.059375 0.0234375
0 0.353125 0.6125 0.0765625 0.03125
0 0.2796875 0.609375 0.065625 0.025
0 0.25 0.5546875 0.0578125 0.0375
0 0.196875 0.603125 0.065625 0.025
0 0.09375 0.5890625 0.0625 0.0234375
0 0.01875 0.5 0.0375 0.01875
0 0.5265625 0.546875 0.0484375 0.01875
0 0.715625 0.5078125 0.0515625 0.01875
0 0.7875 0.6109375 0.071875 0.025
0 0.55625 0.503125 0.0484375 0.0234375