0 0.4109375 0.6296875 0.06875 0.03125
0 0.55 0.6078125 0.0828125 0.0171875
0 0.5359375 0.5453125 0.0546875 0.03125
0 0.128125 0.65 0.0625 0.0234375
0 0.059375 0.653125 0.059375 0.0234375
0 0.646875 0.6125 0.0765625 0.03125
0 0.7203125 0.609375 0.065625 0.025
0 0.75 0.5546875 0.0578125 0.0375
0 0.803125 0.603125 0.065625 0.025
0 0.90625 0.5890625 0.0625 0.0234375
0 0.98125 0.5 0.0375 0.01875
0 0.4734375 0.546875 0.0484375 0.01875
0 0.284375 0.5078125 0.0515625 0.01875
0 0.2125 0.6109375 0.071875 0.025
0 0.44375 0.503125 0.0484375 0.0234375