0 0.4296875 0.75625 0.0828125 0.0359375
0 0.303125 0.6875 0.078125 0.0390625
0 0.3484375 0.4171875 0.071875 0.03125
0 0.346875 0.53125 0.08125 0.040625
0 0.0359375 0.7875 0.071875 0.0375
0 0.14375 0.60625 0.075 0.0421875
0 0.396875 0.3125 0.0625 0.0390625
0 0.28125 0.346875 0.08125 0.025
0 0.3875 0.646875 0.0765625 0.0359375
0 0.3828125 0.6078125 0.078125 0.0296875
0 0.4859375 0.515625 0.0609375 0.0296875
0 0.4109375 0.5671875 0.0671875 0.028125
0 0.0328125 0.6453125 0.0640625 0.0328125
0 0.509375 0.4328125 0.071875 0.0296875