0 0.5703125 0.75625 0.0828125 0.0359375
0 0.696875 0.6875 0.078125 0.0390625
0 0.6515625 0.4171875 0.071875 0.03125
0 0.653125 0.53125 0.08125 0.040625
0 0.9640625 0.7875 0.071875 0.0375
0 0.85625 0.60625 0.075 0.0421875
0 0.603125 0.3125 0.0625 0.0390625
0 0.71875 0.346875 0.08125 0.025
0 0.6125 0.646875 0.0765625 0.0359375
0 0.6171875 0.6078125 0.078125 0.0296875
0 0.5140625 0.515625 0.0609375 0.0296875
0 0.5890625 0.5671875 0.0671875 0.028125
0 0.9671875 0.6453125 0.0640625 0.0328125
0 0.490625 0.4328125 0.071875 0.0296875