0 0.759375 0.4203125 0.046875 0.0578125
0 0.653125 0.46875 0.0421875 0.078125
0 0.3546875 0.6203125 0.0453125 0.1015625
0 0.45 0.5875 0.0328125 0.071875
0 0.5015625 0.596875 0.0296875 0.0625
0 0.5796875 0.60625 0.0265625 0.0703125
0 0.640625 0.6171875 0.028125 0.0546875
0 0.6109375 0.659375 0.0296875 0.075
0 0.6734375 0.6484375 0.0296875 0.071875
0 0.8734375 0.6625 0.053125 0.0390625
0 0.8 0.71875 0.034375 0.0453125
0 0.740625 0.6828125 0.0421875 0.0421875
0 0.6984375 0.7015625 0.0234375 0.0546875
0 0.5203125 0.64375 0.03125 0.071875
0 0.4171875 0.6171875 0.0265625 0.0671875
0 0.4859375 0.6375 0.0328125 0.0671875
0 0.30625 0.7015625 0.0359375 0.078125
0 0.2421875 0.65 0.03125 0.0734375
0 0.209375 0.671875 0.025 0.0875