0 0.240625 0.4203125 0.046875 0.0578125
0 0.346875 0.46875 0.0421875 0.078125
0 0.6453125 0.6203125 0.0453125 0.1015625
0 0.55 0.5875 0.0328125 0.071875
0 0.4984375 0.596875 0.0296875 0.0625
0 0.4203125 0.60625 0.0265625 0.0703125
0 0.359375 0.6171875 0.028125 0.0546875
0 0.3890625 0.659375 0.0296875 0.075
0 0.3265625 0.6484375 0.0296875 0.071875
0 0.1265625 0.6625 0.053125 0.0390625
0 0.2 0.71875 0.034375 0.0453125
0 0.259375 0.6828125 0.0421875 0.0421875
0 0.3015625 0.7015625 0.0234375 0.0546875
0 0.4796875 0.64375 0.03125 0.071875
0 0.5828125 0.6171875 0.0265625 0.0671875
0 0.5140625 0.6375 0.0328125 0.0671875
0 0.69375 0.7015625 0.0359375 0.078125
0 0.7578125 0.65 0.03125 0.0734375
0 0.790625 0.671875 0.025 0.0875